[0.21312302 0.78693662 0.96867846 0.94630941 0.21684458 0.35600777
 0.85079723 0.72913471 0.21385337 0.04896448 0.16746104 0.83392974
 0.02502962 0.43216081 0.0366962  0.31691356 0.61884704 0.71565526
 0.18335492 0.17734673 0.62748686 0.09536892 0.36246494 0.95812794
 0.11167596 0.31341871 0.78276633 0.4242919  0.32598485 0.43736913
 0.00494979 0.63533541 0.68004062 0.96729976 0.97357468 0.91847873
 0.52181339 0.95599194 0.76303378 0.57031764 0.36547694 0.10521504
 0.79721614 0.46976177 0.8859498  0.27758243 0.55378757 0.37426633
 0.72531112 0.01869397]
[0.03255291 0.86170005 0.56800507 0.00342186 0.36640313 0.47584887
 0.18675183 0.19798129 0.45131965 0.56456588 0.19323635 0.30342408
 0.37832442 0.98589208 0.62147476 0.43371009 0.79158526 0.06598122
 0.30238912 0.87872727 0.07858691 0.09485445 0.55291744 0.94476928
 0.99391146 0.17501037 0.22371711 0.74814633 0.74883126 0.62738606
 0.47966792 0.97209531 0.0372113  0.58018146 0.94655956 0.54771373
 0.98921657 0.12439142 0.60084113 0.65116546 0.6064185  0.80306491
 0.36187219 0.59181249 0.87010755 0.95112351 0.33319544 0.1526727
 0.78878321 0.85448596]
