1835
1925
1312
1156
756
2331
2385
1841
2878
1829
2908
792
2115
1664
221
1406
1531
2704
2040
264
456
2293
1269
197
715
2260
2600
1339
2654
1708
1774
1212
37
2654
2035
116
683
865
1309
1204
1626
32
1348
866
584
279
2592
103
1426
1255
2709
2380
1573
2288
2422
2411
2792
2346
506
2762
2923
2702
174
1360
1547
802
2779
2073
2509
839
1543
753
48
2366
2050
904
2613
460
1616
941
2472
1261
2492
168
1794
2136
586
2267
199
2165
2835
1092
1079
2057
1774
1379
507
695
641
1822
